2839.9
2835
2776.3
2768.9
2736.6
2893.9
2939.3
2894.3
2937
2912
2886
2974
2997
2956
2995
3067
2986
2946
2960
2925
3059
3159
3174
3201
3250
3278
3357
3507
3540
3485
3356
3078
3122
2918
3087
3047
3062
2931
2760
2850
2915
2991
3050
2978
2932
3008
3016
2965
3163
3125
3079
3057
3046
3058
3072
3206
3223
3359
3412
3475
3552
3653
3722
3716
3745
3849
3742
3667
3625
3737
3750
3882
3703
3707
3637
3639
3565
3668
3892
3915
4009
4031
4059
4024
4063
4021
3998
3970
3974
3910
3938
4067.7
4018
4015.9
3971.9
4037.8
4236.6
4271.3
4243.1
4149.8
4190
4155.5
4142.6
4236.2
4307.1
4348.9
4454.9
4600.1
4601.8
4711.4
4772.3
4736.5
4929.1
4908.9
5071.2
5015.8
5007.6
4916.7
4921.1
5082.7
5330.2
5484.2
5608.2
5704.5
5859.7
6080.2
6035.8
5819.1
5787.6
6113.1
6061.9
5981.4
6128.1
5772.8
5881.1
5850.9
5822.6
5509.4
5628.6
5707.5
5537.3
5689.3
5686.2
5595.4
5596.7
5985.3
6262.5
6190.7
6315
6366.6
5878.2
5986.7
5268.1
5253.2
5192.7
5442
5512.4
5529.6
5871.8
5914.4
5751.4
5747.2
5858.2
6170.1
6352
6502.8
6170.4
6088.3
6341.3
6404.4
6285.7
6697.2
6750.9
6830.5
6798.3
7005.3
7170
7397.9
7157.5
7266.7
7200.8
7014.1
7217.9
7070.6
6925.2
6750.3
6989
7396.8
7392.3
7545.4
7423
7512.1
7593.5
7418.1
7525.1
7676.2
8005.6
8764
8719.3
9329.1
8996.9
9701.3
9263.9
9274.4
9294.4
10228.1
10568.9
11039.8
11888.4
11001.5
10774.3
11459.4
11377.8
12157.6
11504
10825.9
10100.3
9918.2
9905.7
9132.3
9234.2
9029.9
9298.2
9536.1
9156.9
8966.1
8620.3
9134.7
9631.6
9470.1
9234.3
9111.2
9114
8881
8634.4
8433
9117
9153
9482.8
9602.2
9464.6
9404.4
9399.1
9901.6
10145
9968.5
9632.5
9521.2
9284.9
9550.9
9338.6
9379.5
9530.4
9367.9
9427.4
8658.8
8221.6
7789.1
8166.4
8311.9
8191
7683.3
7252.3
7278.1
7297.1
7478.9
8012.8
8043
8219
8185.2
7949.4
8534.7
8484.7
8587.7
8470.3
8662
8645.4
8361
8332.2
9217.8
9013.3
9329.2
9559.7
9267.6
9314
9224.4
9206.5
9632.3
9728
9410.2
9451.7
9362.8
9006.9
8895.8
9080.4
9196.5
9393.2
9797.4
9541.9
9646.3
9873.9
9883.8
9895.2
9680.8
9855.8
9411.9
9287.9
9488.8
9862.6
9863.6
9858.7
9932.2
10073.4
10529.9
10540
10764.1
11111.9
11469.4
11310.3
11595
11390.4
11194.9
11217.8
10557.6
11026.7
10957.2
11139.9
10849.8
10818.5
10732.8
10734.2
10597.7
10816.9
11019.2
11264.7
11196.6
10865
10855.3
11020.9
11177.1
10802.7
10845.3
10705.6
10962
11104
11176
11424.6
11159
11025.6
11369
11592.4
11759.4
11905.5
12218.4
12510.1
12388.4
12529.3
12751.2
12889.4
13116.8
13393.9
13102.7
12784.1
13131.4
13404.1
13222.8
13191.5
13856.4
13379.6
13321.8
13660.5
13113.3
13444.9
13398.7
13337.4
12736.5
12489.3
12534.3
12204.6
12516.6
12541.1
12645.8
13081.7
13930.8
14062.4
14331.7
14757.8
14655.1
14112.6
15154.4
15196.8
14823
15225.3
15570.4
15658.1
16379.2
16647.5
16096.9
15429.8
14135.2
14563.6
14470.5
14384.1
14710.9
15128
14273.1
13601
11144.3
10623.8
10104.5
9957.3
10548.2
10526.9
11527.6
10614.7
10405.8
10342.4
10680.6
8894.6
8900
8920.2
9252.4
10485.9
10274.6
10600
11480.7
10919.5
11057
11564.2
11735.5
11052.7
11342
11001.3
10879.9
10563.68
10060.38
9538.39
9555.98
8934.56
8569.47
7915.44
8591.91
8607.86
8639.31
8205.77
8628.93
8257.46
7936.2
7018.41
7224.69
7527.61
7829.74
7488.47
7578.48
7445.96
7701.61
7883.46
8506.79
9777.01
9817.75
10154.94
10139.75
9997.99
10233.36
10742.11
9963.14
9952
10226.23
10292.2
10048.58
10722.7
10147.4
9738.52
9506.9
9190.2
9425.42
9254.12
9858.49
10241.12
10801.76
11082.92
10803.31
11072.98
11914.1
12490.3
12905.3
13333.2
12997.43
12855.52
12272.14
12059.25
12415.54
12992.76
13408.27
13784.51
14184.58
14222.57
13545.24
13093.7
13186.86
13167.06
12608.18
13566.74
13383.13
13178.31
13855.93
13484.84
13032.07
12733.24
13112.42
12299.08
12863.08
13256.95
13610.27
14189.67
15073.1
15274.53
15840.41
16380.21
15986.35
16833.28
16962.1
15405.63
15542.23
15108.41
16185.94
15968.12
17380.3
16599.16
17200.98
17285.24
17831.86
17082.99
17784.57
17406.54
16941.68
16142.76
15367.14
15519.3
15268.64
15111.94
14478.26
13722.7
15284.1
16120.26
16434.38
15738.08
16155.78
16829.96
17586.16
17920.86
17183.93
17425.7
17214.42
17440
17236.74
17333.61
17275.45
16249.53
14612.88
15648.98
16184.68
14680.5
15044.53
14902.46
15594.12
15389.39
15180.85
14376.9
14441.43
15189.33
14975.53
14738.21
15095.53
15447.61
15295.42
15933.55
16044.21
16071.29
15873.28
15630.31
15280.56
13966.43
14194.35
13522.04
12583.36
12760.64
12386.61
12989.47
13448.13
13386.04
13390.99
13636.61
13459.18
13753.99
13141.38
13808.89
13102.5
13174.02
13042.53
12999.48
12612.79
12301.68
12182.17
12269.08
11765.81
11754.81
11110.3
11090.48
10384.2
9655.45
8934.2
9950.7
10277.38
10274.13
9825.84
10404.74
10186.06
10609.25
11287.37
11322.36
11279.25
11832.18
11466.11
11158.1
11431.59
11702.15
11166.46
10972.96
10772.96
10691.25
10518.99
10961.88
10664.94
10425.31
11233.23
11210.25
10863.07
11032.92
10831.37
10710.48
11252.18
11385.08
11797.22
11645.9
11974.61
11626.78
11301.94
11284.71
10955.52
10591.86
10598.55
10806.16
10648.3
10325.46
9773.12
9991.72
10014.06
10265.04
10245.69
10043.87
9720.86
9650.97
9328.22
9294.46
9051.37
8965.73
9613.07
9722.54
9407.68
9770.68
9865.65
10065.32
10069.87
9973.75
9728.43
9628.69
9445.26
9583.85
9721.5
9614.59
9460.6
9258.95
9150.95
9201.76
9250.86
9122.66
8907.1
8956.17
9179.19
8863.36
8822.45
8645.65
8579.14
8409.01
8808.18
9084.16
9093.18
9303.73
9487.38
9694.63
9855.64
9930.31
9657.21
9636.81
9911.5
10140.84
9939.2
10248.6
9945.22
10424.56
10760.73
10908.99
11170.61
10883.52
10968.42
11290.15
11608.72
11935.83
12044.49
11736.37
12190.1
12215.17
12203.53
11839.8
12317.47
12314.73
12594.42
12371.75
12456.7
12801.48
13385.8
13167.76
13750.58
13289.37
13309.6
13739.8
13868.37
13907.03
13454.76
12932.23
12790.58
12483.24
12731.76
12909.37
12458.38
12383.94
11942.96
11910.76
11276.86
11576.01
12116.87
12022.64
12396.39
11855.55
12185.52
12220.13
12202.26
12059.2
12352.99
12238.03
12478.68
12359.83
12376.9
12818.42
12948.1
13003.99
13224.93
13066.84
13120.03
13241.46
13059.43
13015.2
13054.66
13494.95
13784.46
13787.68
13895.03
14211.84
13901.81
13992.44
14194.9
14230.14
13574.86
13494.78
13481.02
13650.06
13585.17
13845.63
14087.87
14157.09
13730.78
13890.93
13828.37
13597.1
13491.35
13666.72
13638.75
13693.55
13908.97
14033.96
13866.81
13717.42
13714.78
13818.45
13934.76
13912.03
14230.29
14201.06
13964.47
14504.29
14786.46
14880.98
15051.32
15450.95
15038.61
14982.89
15221.89
15165.77
14983.2
15143.97
15428.52
14847.79
14485.88
14487.85
14215.83
14585.79
14740.6
14883.32
15081.47
15200.38
14910.51
15029.81
15183.58
14876.43
15344.44
15787.97
15662.08
15753.14
15429.73
15425.95
15475.69
15856.05
15802
15445.05
15801.66
15716.46
15805.04
16471.78
16429.45
16912.15
16661.3
17013.93
16901.85
16313.36
15895.1
15912.71
15628.69
15842.65
15808.81
16267.62
16459.78
16135.71
16464.18
16955.04
16887.8
17249.95
17330.7
16955.45
17423.72
17145.76
17237.65
17600.65
17543.05
17903.39
17988.86
18113.55
18297.55
18749.69
18891.14
19182.71
19260.3
18690.82
18739.99
19110.65
19320.52
19964.72
20211.28
19613.41
20327.72
20281.13
20563.68
20677.66
20567.91
20711.65
19442.01
19134.88
18953.5
19692.64
19800.93
20209.71
20340.97
20566.59
20526.5
20841.08
20468.21
20904.84
20520.66
20602.87
20509.15
21017.05
21999.91
21772.73
22531.74
23099.29
23291.9
22570.41
22538.44
21792.71
20387.13
22921.89
23984.14
23982.61
24898.11
25843.78
27142.47
27831.52
28838.37
29465.05
30405.22
30468.34
28783.41
27614.43
26541.09
28643.61
28842.47
27563.64
27626.92
27370.6
27519.69
26867.01
25201.87
25122.37
24123.58
23469.46
24148.43
23305.04
24331.67
22501.33
22237.11
21108.22
23285.95
24264.63
24667.79
24197.78
25516.78
26241.02
25063.17
25618.86
24714.07
24533.12
24402.18
22592.3
22745.6
22042.35
21423.82
22184.55
21874.19
22740.71
22862.6
21885.21
21160.58
20392.06
21261.89
19933.28
19352.9
19327.73
18682.09
17682.4
14796.87
14554.21
12618.38
13968.67
14243.43
13542.66
12659.2
13888.24
13846.09
14758.39
15127.51
14184.14
15042.81
14377.44
13255.51
12578.6
13278.21
13655.04
13554.67
12699.17
12811.57
11921.52
12525.8
12833.51
14119.5
14545.69
14901.41
15601.27
15258.85
15520.99
17389.87
16790.7
17062.52
18171
18679.53
18889.68
17920.93
18600.26
18203.4
17708.42
18805.66
19982.79
20573.33
20375.37
20893.33
20199.02
20098.62
20318.62
21161.42
21623.45
21024.4
20375.49
21499.44
21929.9
22589.73
21752.87
21829.72
22553.63
22455.84
21134.5
22498.15
21902.11
21175.88
21517
21872.5
22296.75
21654.16
20726.18
20121.99
19665.08
20268.69
19894.02
20608.7
20787.97
21209.74
21370.82
21053.11
21537
22208.5
21865.26
21244.49
21108.59
19920.29
20145.43
19545.83
19766.71
19780.07
19872.38
20286.71
20690.79
19905.32
20378.66
20250.16
20815.33
21029.81
21678.8
21071.57
20981.82
20597.35
20971.5
21257.39
21970.86
22119.43
22358.17
22944.18
23757.63
23517.54
23096.32
24876.82
24222.58
23605.71
22877.25
23320.52
23162.91
22714.85
22833.8
23035.45
23686.63
24283.23
23876.86
23617.02
23908.96
22828.92
23595.24
23012.37
23408.86
23249.78
22300.23
23158.67
23801.9
24396.07
24008.07
24138.31
23720.81
23159.14
23276.27
23199.39
23118.07
22949.56
22420.37
21695.26
22171.95
22398.1
22726.43
21875.38
22444.8
22440.25
20946.14
19620.01
19399.92
19582.88
20212.91
19866.63
19455.31
17668.83
17592.41
17707.01
18501.79
18025.72
20019.24
19842.79
19137.17
18491.23
17689.48
19040.39
18586.23
18285.39
18629.17
18434.39
18593.06
19204.42
20110.37
20501.67
20756.98
20783.86
21491.62
21406.86
21562.26
21086
21317.85
20668.8
20555.58
20593
20701.04
21010.64
20741.45
21086
19964.63
18951.85
18713.41
18558.34
18502.34
19233.94
18995.13
19441.46
19800.64
19092.63
19640.8
19274.96
19666.18
20136.12
20116.07
19880.03
19482.57
19802.16
20629.78
20734.94
20840.38
21012.38
21136.43
21551.76
21545.57
22111.33
21384.38
21159.01
21913.98
22030.39
22191.17
22605.98
22506.29
22666.59
23331.09
23264.07
23601.78
23580.43
23721.84
23215.16
23444.56
22782.44
22880.22
23091.95
22533.11
22115.3
22299.63
21726.9
22089.05
22013.57
22547.71
22689.96
23321.22
23082.68
22618.67
22392.16
21575.26
20969.14
20263.31
20803.29
20854.67
21277.28
21362.42
21968.95
22190.97
21807.56
22517.81
21863.51
21731.37
22621.22
22915.28
23502.51
23207.04
23138.54
23218.32
23340.1
22698.34
23249.79
22744.39
23032.15
23696.28
23881.29
23743.1
23245.96
22812.18
23243.24
22817.28
22846.25
23133.35
22450.06
22035.42
21636.85
22298.41
22568.24
22836.96
22660.49
21539.49
21436.7
22065.53
22510.08
23003.64
22760.24
22223.53
22260.67
21862.99
22712.91
22965.86
23081.65
22951
23319.17
23194.06
23221.52
23546.36
23233.45
23454.79
24216.01
24532.43
24331.41
24954.94
25112.23
24742.06
25240.15
24595.32
24306.16
23678.41
23064.56
23088.54
23023.21
23302.2
23998.06
23550.24
24087.38
23437.12
23987.45
24002.64
23249.2
23116.63
23349.34
23721.3
23919.95
24103.52
24850.45
24507.05
24679.39
24682.54
24832.08
24823.29
24164
23823.21
24375.24
24486.2
25275.64
27272.39
27653.12
28060.98
28133
27577.34
27822.28
27992.83
27424.19
27260.16
27280.54
26760.53
26663.87
26064.11
24901.28
25415.27
25128.51
24636.28
24552.47
23991.03
22409.62
21612.39
20840.61
21504.37
21920.83
21186.32
21506.09
22458.8
23067.37
23151.94
22640.04
22867.33
22396.14
22754.72
22068.32
22235.89
21464.05
21755.56
22138.13
21914.4
20453.71
19520.77
19080.51
19683.11
19288.17
18319.58
19285.5
19364.15
20176.7
20199.6
20671.63
20345.61
20498.92
20370.4
21316.47
21467.04
21067.05
20109.87
19719.29
19852.2
20576.77
20947.24
21042.64
20169.98
20259.13
20794.37
20564.17
21659.25
21964.27
21891.37
22146.09
22766.91
22937.22
22909.54
23266.7
24099.7
23335.59
23686.48
23297.15
23851.82
23233.31
23374.4
22954.81
22642.62
22531.09
22344.21
22723.45
22564.82
22760.98
22020.75
21574.76
22000.56
22503.01
22937.38
22885.91
23360.78
23129.21
23574.98
24033.74
23965.7
23552.72
23568.67
24309.93
24358.27
24111.59
24267.3
24261.66
24042.02
24615.13
24476.35
25156.34
25174.87
25639.27
25924.05
26030.29
25626.49
25670.05
25764.58
25340.85
26389.23
26706.09
26979.39
27562.68
26883.51
27047.57
27848.16
27953.16
27668.47
27807.59
27880.53
27554.3
28458.04
28476.43
28487.24
28438.85
28603.61
29120.92
29199.04
29866.32
29074.24
28639.85
28848.11
29578.01
29919.15
30814.64
31412.54
32254.89
33154.12
32601.78
29507.42
31115.43
31267.17
30583.45
30996.21
31501.97
30309.29
30093.38
29844.94
30808.38
30418.33
30280.67
29926.5
31122.06
31047.91
30588.04
30492.91
30958.21
30309.49
29338.7
28955.11
28315.62
28525.44
28224.48
28804.28
27676.32
28366.62
27213.41
27671.87
27888.55
26973.47
27286.41
27953.58
27788.52
26572.57
25801.49
25561.4
24717.63
26486.35
25601.92
26183.53
25927.68
26506.75
26063.76
26094.79
25753.42
25504.2
25626.03
26667.27
27090.81
27569.19
27930.74
27946.32
27900.84
28816.3
28812.17
28228.42
29012.26
29113.36
29051.36
29936.32
29909.76
29963.26
29605.01
30081.55
28550.24
27946.46
27353.93
26901.09
26965.28
27118.35
28473.71
28542.62
28774.83
28471.62
28765.4
28397.74
26918.58
25939.3
25734.22
26179.33
25724.73
26690.76
27352.69
26435.67
25954.81
25821.03
26308.44
26719.58
26667.39
27100.76
27651.14
26326.66
26595.08
26346.49
26498.37
27687.76
27871.35
28225.42
28451.5
28638.2
29056.42
27949.64
26312.63
27404.27
27815.6
27308.81
26129.93
26146.67
24032.91
22805.07
23484.28
23236.11
24300.33
24380
23831.33
24643.59
24230.17
23797.47
22930.14
22961.47
24770.41
24301.38
24643.89
24549.99
25373.12
25727.41
25089.17
24705.33
24595.35
24531.62
25183.01
25113.84
25422.06
24695.45
24503.31
24455.41
23235.42
23459.05
24119.13
24386.79
24918.78
24107.42
25712.97
26156.86
26451.54
26894.68
26835.92
26505.87
26498.6
26386.56
27231.13
27878.22
28573.86
29447.85
28283.71
29288.68
30173.57
30644.73
28980.21
29098.29
28739.72
28990.94
28336.43
28938.74
28698.8
28969.71
29078.75
28724.88
28610.65
28027.57
28458.44
29124.41
28918.1
28842.13
28801.27
29288.22
28310.42
27344.54
28004.68
27321.98
25961.03
26179.4
26391.62
24849.72
25407.89
25901.99
26205.91
24920.76
24192.16
24575.64
24837.85
25330.96
26126.93
25377.24
24870.51
25327.97
25049.97
24080.52
23766.69
23995.72
23192.63
23223.76
23397.67
23493.38
24383.32
24965.55
23550.08
24573.29
24906.66
24327.71
22767.18
21905.29
20553.79
21412.4
21404.88
22039.55
21872.01
21319.13
