352.2
339.93
339.15
325.8
330.92
333.62
332.72
324.15
335.54
337.93
341.91
337.22
339.94
340.08
344.34
335.12
329.11
338.39
352
354.64
354.58
363.16
358.71
362.91
355.43
358.02
358.42
367.31
361.61
353.44
344.86
335.52
327.83
311.51
322.56
323.4
316.83
311.32
306.05
311.5
300.03
312.48
304.71
311.85
313.74
317.12
315.1
322.22
327.75
326.82
331.75
328.72
321
315.23
332.23
336.07
343.05
359.35
369.06
365.65
370.47
374.95
373.59
367.48
375.22
375.36
380.4
384.2
379.02
380.8
375.74
372.39
377.49
389.83
379.43
382.29
377.75
371.16
374.08
380.25
384.22
380.93
387.18
387.12
385.58
394.17
395.43
389.1
383.59
387.92
385.9
381.25
381.45
392.5
384.2
391.32
392.89
382.62
376.14
375.22
379.1
384.47
387.04
406.46
419.34
415.1
418.86
415.48
408.78
411.09
412.48
411.43
412.7
404.44
405.84
411.3
403.5
401.55
404.29
416.04
409.02
412.53
416.05
410.09
414.02
415.35
413.48
409.76
403.67
403.45
411.77
414.62
415.62
411.6
424.21
418.88
419.91
414.85
414.84
417.08
419.58
422.93
414.35
410.47
402.66
411.73
414.1
418.68
417.58
422.43
426.65
430.16
432.06
433.73
441.28
439.77
435.71
429.05
437.15
436.11
438.78
448.93
444.58
434.22
443.38
446.11
449.83
450.18
447.78
441.39
441.84
448.94
437.03
440.19
442.31
439.56
445.84
450.19
450.06
447.26
443.68
447.6
445.84
448.11
445.75
447.1
448.13
448.68
450.14
456.16
460.54
461.34
461.72
458.83
457.63
461.28
460.31
469.5
463.27
467.83
459.57
465.39
462.6
463.06
464.89
463.93
466.38
467.38
466.45
469.9
474.91
474.72
478.7
469.81
470.18
467.69
466.07
464.74
466.44
471.06
460.58
445.77
447.1
446.18
447.63
450.91
447.82
444.14
454.92
457.33
460.13
458.67
458.45
442.8
446.2
449.55
454.16
453.11
458.26
457.09
461.94
463.68
473.8
470.99
468.18
471.19
459.67
462.71
455.1
469.1
464.89
473.77
462.28
462.35
461.47
452.29
453.3
446.96
458.8
459.83
459.27
460.68
465.97
464.78
470.39
478.65
481.46
481.97
488.11
485.42
489.57
495.52
500.97
500.71
506.42
509.23
508.49
514.71
520.12
525.55
519.19
523.65
532.51
527.94
539.83
549.71
544.75
556.37
559.89
553.62
562.93
558.94
555.11
559.21
560.1
563.84
572.68
583.35
581.73
584.41
582.49
584.5
587.46
579.7
590.57
592.72
600.07
599.97
606.98
617.48
616.34
611.95
615.93
616.71
601.81
611.83
621.62
635.84
656.37
647.98
659.08
644.37
633.5
641.43
650.62
645.5
655.86
636.71
645.07
653.46
641.63
652.09
668.91
678.51
669.12
673.31
665.85
666.84
670.63
657.44
646.19
638.73
635.9
662.49
662.1
665.21
667.03
651.99
655.68
680.54
687.03
686.19
701.46
700.66
710.82
700.92
703.77
730.82
737.62
748.73
757.02
739.6
728.64
748.87
756.79
748.03
759.5
776.17
770.52
786.16
789.56
808.48
801.77
790.82
804.97
793.17
784.1
773.88
757.9
737.65
766.34
765.37
812.97
824.78
829.75
847.03
848.28
858.01
893.27
898.7
887.3
916.92
916.68
915.3
938.79
947.14
933.54
900.81
923.54
899.47
929.05
923.91
950.51
945.22
965.03
966.98
944.16
941.64
914.62
927.51
928.35
963.09
955.4
983.79
953.39
946.78
936.46
975.04
927.69
961.51
957.59
980.28
1012.46
1020.09
1034.21
1049.34
1055.69
1068.61
1099.16
1095.44
1122.7
1110.67
1122.72
1107.9
1121
1108.14
1108.73
1110.47
1090.82
1113.86
1098.84
1100.65
1133.2
1146.42
1164.33
1186.75
1140.8
1120.67
1089.45
1062.75
1081.24
1027.14
973.89
1009.06
1020.09
1044.75
1002.6
984.39
1056.42
1070.67
1098.67
1141.01
1125.72
1163.55
1192.33
1176.74
1166.46
1188.03
1226.27
1229.23
1275.09
1243.26
1225.19
1279.64
1239.4
1230.13
1239.22
1238.33
1275.47
1294.59
1299.29
1282.8
1293.72
1348.35
1319
1356.85
1335.18
1345
1337.8
1330.29
1301.84
1327.75
1293.64
1342.84
1315.31
1391.22
1403.28
1418.78
1356.94
1328.72
1300.29
1327.68
1336.61
1348.27
1357.24
1351.66
1335.42
1277.36
1282.81
1336.02
1247.41
1301.65
1362.93
1370.23
1396.06
1422
1416.62
1433.3
1417.04
1421.03
1458.34
1469.25
1441.47
1465.15
1441.36
1360.16
1424.37
1387.12
1346.09
1333.36
1409.17
1395.07
1464.47
1527.46
1498.58
1516.35
1356.56
1434.54
1452.43
1432.63
1420.96
1406.95
1378.02
1477.26
1456.95
1464.46
1441.48
1454.6
1478.9
1509.98
1480.19
1419.89
1462.93
1471.84
1491.72
1506.45
1520.77
1494.5
1465.81
1448.72
1436.51
1408.99
1374.17
1396.93
1379.58
1426.69
1365.98
1367.72
1341.77
1315.23
1369.89
1312.15
1305.95
1320.28
1298.35
1318.55
1342.54
1354.95
1349.47
1314.76
1301.53
1245.86
1234.18
1233.42
1150.53
1139.83
1160.33
1128.43
1183.5
1242.98
1253.05
1266.61
1245.67
1291.96
1277.89
1260.67
1264.96
1214.36
1225.35
1224.38
1190.59
1215.68
1210.85
1205.82
1214.35
1190.16
1161.97
1184.93
1133.58
1085.78
1092.54
965.8
1040.94
1071.38
1091.65
1073.48
1104.61
1087.2
1120.31
1138.65
1150.34
1139.45
1158.31
1123.09
1144.89
1161.02
1172.51
1145.6
1127.58
1133.28
1122.2
1096.22
1104.18
1089.84
1131.78
1164.31
1166.16
1148.7
1147.39
1122.73
1111.01
1125.17
1076.32
1073.43
1054.99
1106.59
1083.82
1067.14
1027.53
1007.27
989.14
989.82
989.03
921.39
847.75
852.84
864.24
908.64
928.77
940.86
916.07
893.92
889.81
845.39
827.37
800.58
835.32
884.39
897.65
900.96
894.74
909.83
930.55
936.31
912.23
889.48
895.76
875.4
908.59
927.57
901.78
861.4
855.7
829.69
834.89
848.17
841.15
828.89
833.27
895.79
863.5
878.85
868.3
893.58
898.81
930.08
933.41
944.3
933.22
963.59
987.76
988.61
995.69
976.22
985.7
998.14
993.32
998.68
980.15
977.59
990.67
993.06
1008.01
1021.39
1018.63
1036.3
996.85
1029.85
1038.06
1039.32
1028.91
1050.71
1053.21
1050.35
1035.28
1058.2
1061.5
1074.14
1088.66
1095.89
1108.48
1121.86
1139.83
1141.55
1131.13
1142.76
1145.81
1144.11
1144.94
1156.86
1120.57
1109.78
1108.06
1141.81
1139.32
1134.61
1140.6
1107.3
1098.7
1095.7
1093.56
1120.68
1122.5
1136.47
1135.02
1134.43
1125.38
1112.81
1101.39
1086.2
1101.72
1063.97
1064.8
1098.35
1107.77
1113.63
1123.92
1128.55
1110.11
1131.5
1122.14
1108.2
1095.74
1130.2
1166.17
1184.17
1170.34
1182.65
1191.17
1188
1194.2
1210.13
1211.92
1186.19
1184.52
1167.87
1171.36
1203.03
1205.3
1201.59
1211.37
1222.12
1200.08
1189.65
1171.42
1172.92
1181.2
1142.62
1152.12
1156.85
1171.35
1154.05
1189.28
1198.78
1196.02
1198.11
1216.96
1191.57
1194.44
1211.86
1227.92
1233.68
1234.18
1226.42
1230.39
1219.71
1205.1
1218.02
1241.48
1237.91
1215.29
1228.81
1195.9
1186.57
1179.59
1198.41
1220.14
1234.72
1248.27
1268.25
1265.08
1259.37
1267.32
1268.66
1248.29
1285.45
1287.61
1261.49
1283.72
1264.03
1266.99
1287.24
1289.43
1287.23
1281.42
1307.25
1302.95
1294.87
1295.5
1289.12
1311.28
1310.61
1325.76
1291.24
1267.03
1280.16
1288.22
1252.3
1251.54
1244.5
1270.2
1265.48
1236.2
1240.29
1278.55
1279.36
1266.74
1302.3
1295.09
1311.01
1298.92
1319.66
1314.78
1335.85
1349.59
1365.62
1368.6
1377.34
1364.3
1380.9
1401.2
1400.95
1396.71
1409.84
1427.09
1410.76
1418.3
1409.71
1430.73
1430.5
1422.18
1448.39
1438.06
1455.54
1451.19
1387.17
1402.84
1386.95
1436.11
1420.86
1443.76
1452.85
1484.35
1494.07
1505.62
1505.85
1522.75
1515.73
1536.34
1507.67
1532.91
1502.56
1503.35
1530.44
1552.5
1534.1
1458.95
1433.06
1453.64
1445.94
1479.37
1473.99
1453.55
1484.25
1525.75
1526.75
1557.59
1561.8
1500.63
1535.28
1509.65
1453.7
1458.74
1440.7
1481.14
1504.66
1467.95
1484.46
1478.49
1411.63
1401.02
1325.19
1330.61
1395.42
1331.29
1349.99
1353.11
1330.63
1293.37
1288.14
1329.51
1315.22
1370.4
1332.83
1390.33
1397.84
1413.9
1388.28
1425.35
1375.93
1400.38
1360.68
1360.03
1317.93
1278.38
1262.9
1239.49
1260.68
1257.76
1260.31
1296.32
1298.2
1292.2
1282.83
1242.31
1251.7
1255.08
1213.27
1099.23
899.22
940.55
876.77
968.75
930.99
873.29
800.03
896.24
876.07
879.73
887.88
872.8
931.8
890.35
850.12
831.95
825.88
868.6
826.84
770.05
735.09
683.38
756.55
768.54
815.94
842.5
856.56
869.6
866.23
877.52
929.23
882.88
887
919.14
940.09
946.21
921.23
918.9
896.42
879.13
940.38
979.26
987.48
1010.48
1004.09
1026.13
1028.93
1016.4
1042.73
1068.3
1044.38
1025.21
1071.49
1087.68
1079.6
1036.19
1069.3
1093.48
1091.38
1091.49
1105.98
1106.41
1102.47
1126.48
1115.1
1144.98
1136.03
1091.76
1073.87
1066.19
1075.51
1109.17
1104.49
1138.7
1149.99
1159.9
1166.59
1178.1
1194.37
1192.13
1217.28
1186.69
1110.88
1135.68
1087.69
1089.41
1064.88
1091.6
1117.51
1076.76
1022.58
1077.96
1064.88
1102.66
1101.6
1121.64
1079.25
1071.69
1064.59
1104.51
1109.55
1125.59
1148.67
1146.24
1165.15
1176.19
1183.08
1183.26
1225.85
1199.21
1199.73
1189.4
1224.71
1240.4
1243.91
1256.77
1257.64
1271.5
1293.24
1283.35
1276.34
1310.87
1329.15
1343.01
1319.88
1321.15
1304.28
1279.21
1313.8
1332.41
1328.17
1319.68
1337.38
1363.61
1340.2
1337.77
1333.27
1331.1
1300.16
1270.98
1271.5
1268.45
1339.67
1343.8
1316.14
1345.02
1292.28
1199.38
1178.81
1123.53
1176.8
1173.97
1154.23
1216.01
1136.43
1131.42
1155.46
1224.58
1238.25
1285.09
1253.23
1263.85
1215.65
1158.67
1244.28
1255.19
1219.66
1265.33
1257.6
1277.81
1289.09
1315.38
1316.33
1344.9
1342.64
1361.23
1365.74
1369.63
1370.87
1404.17
1397.11
1408.47
1398.08
1370.26
1378.53
1403.36
1369.1
1353.39
1295.22
1317.82
1278.04
1325.66
1342.84
1335.02
1362.16
1354.68
1356.78
1362.66
1385.97
1390.99
1405.87
1418.16
1411.13
1406.58
1437.92
1465.77
1460.15
1440.67
1460.93
1428.59
1433.19
1411.94
1414.2
1379.85
1359.88
1409.15
1416.18
1418.07
1413.58
1430.15
1402.43
1466.47
1472.05
1485.98
1502.96
1513.17
1517.93
1519.79
1515.6
1518.2
1551.18
1560.7
1556.89
1569.19
1553.28
1588.85
1555.25
1582.24
1614.42
1633.7
1667.47
1649.6
1630.74
1643.38
1626.73
1592.43
1606.28
1631.89
1680.19
1692.09
1691.65
1709.67
1691.42
1655.83
1663.5
1632.97
1655.17
1687.99
1709.91
1691.75
1690.5
1703.2
1744.5
1759.77
1761.64
1770.61
1798.18
1804.76
1805.81
1805.09
1775.32
1818.32
1841.4
1831.37
1842.37
1838.7
1790.29
1782.59
1797.02
1838.63
1836.25
1859.45
1878.04
1841.13
1866.52
1857.62
1865.09
1815.69
1864.85
1863.4
1881.14
1878.48
1877.86
1900.53
1923.57
1949.44
1936.16
1962.87
1960.96
1985.44
1967.57
1978.22
1978.34
1925.15
1931.59
1955.06
1988.4
2003.37
2007.71
1985.54
2010.4
1982.85
1967.9
1906.13
1886.76
1964.58
2018.05
2031.92
2039.82
2063.5
2067.56
2075.37
2002.33
2070.65
2088.77
2058.2
2044.81
2019.42
2051.82
1994.99
2055.47
2096.99
2110.3
2104.5
2071.26
2053.4
2108.1
2061.02
2066.96
2102.06
2081.18
2117.69
2108.29
2116.1
2122.73
2126.06
2107.39
2092.83
2094.11
2109.99
2101.49
2076.78
2076.62
2126.64
2079.65
2103.84
2077.57
2091.54
1970.89
1988.87
1921.22
1961.05
1958.03
1931.34
1951.36
2014.89
2033.11
2075.15
2079.36
2099.2
2023.04
2089.17
2090.11
2091.69
2012.37
2005.55
2060.99
2043.94
1922.03
1880.33
1906.9
1940.24
1880.05
1864.78
1917.78
1948.05
1999.99
2022.19
2049.58
2035.94
2072.78
2047.6
2080.73
2091.58
2065.3
2057.14
2046.61
2052.32
2099.06
2099.13
2096.07
2071.22
2037.41
2102.95
2129.9
2161.74
2175.03
2173.6
2182.87
2184.05
2183.87
2169.04
2179.98
2127.81
2139.16
2164.69
2168.27
2153.74
2132.98
2141.16
2126.41
2085.18
2164.45
2181.9
2213.35
2191.95
2259.53
2258.07
2263.79
2238.83
2276.98
2274.64
2271.31
2294.69
2297.42
2316.1
2351.16
2367.34
2383.12
2372.6
2378.25
2343.98
2362.72
2355.54
2328.95
2348.69
2384.2
2399.29
2390.9
2381.73
2415.82
2439.07
2431.77
2433.15
2438.3
2423.41
2425.18
2459.27
2472.54
2472.1
2476.83
2441.32
2425.55
2443.05
2476.55
2461.43
2500.23
2502.22
2519.36
2549.33
2553.17
2575.21
2581.07
2587.84
2582.3
2578.85
2602.42
2642.22
2651.5
2675.81
2683.34
2673.61
2743.15
2786.24
2810.3
2872.87
2762.13
2619.55
2732.22
2747.3
2691.25
2786.57
2752.01
2588.26
2640.87
2604.47
2656.3
2670.14
2669.91
2663.42
2727.72
2712.97
2721.33
2734.62
2779.03
2779.66
2754.88
2718.37
2759.82
2801.31
2801.83
2818.82
2840.35
2833.28
2850.13
2874.69
2901.52
2871.68
2904.98
2929.67
2913.98
2885.57
2767.13
2767.78
2658.69
2723.06
2781.01
2736.27
2632.56
2760.17
2633.08
2599.95
2416.62
2485.74
2531.94
2596.26
2670.71
2664.76
2706.53
2707.88
2775.6
2792.67
2803.69
2743.07
2822.48
2800.71
2834.4
2892.74
2907.41
2905.03
2939.88
2945.64
2881.4
2859.53
2826.06
2752.06
2873.34
2886.98
2950.46
2941.76
2990.41
3013.77
2976.61
3025.86
2932.05
2918.65
2888.68
2847.11
2926.46
2978.71
3007.39
2992.07
2961.79
2952.01
2970.27
2986.2
3022.55
3066.91
3093.08
3120.46
3110.29
3140.98
3145.91
3168.8
3221.22
3240.02
3234.85
3265.35
3329.62
3295.47
3225.52
3327.71
3380.16
3337.75
2954.22
2972.37
2711.02
2304.92
2541.47
2488.65
2789.82
2874.56
2836.74
2830.71
2929.8
2863.7
2955.45
3044.31
3193.93
3041.31
3097.74
3009.05
3130.01
3185.04
3224.73
3215.63
3271.12
3351.28
3372.85
3397.16
3508.01
3426.96
3340.97
3319.47
3298.46
3348.42
3477.14
3483.81
3465.39
3269.96
3509.44
3585.15
3557.54
3638.35
3699.12
3663.46
3709.41
3703.06
3756.07
3824.68
3768.25
3841.47
3714.24
3886.83
3934.83
3906.71
3811.15
3841.94
3943.34
3913.1
3974.54
4019.87
4128.8
4185.47
4180.17
4181.17
4232.6
4173.85
4155.86
4204.11
4229.89
4247.44
4166.45
4280.7
4352.34
4369.55
4327.16
4411.79
4395.26
4436.52
4468
4441.67
4509.37
4535.43
4458.58
4432.99
4455.48
4357.04
4391.34
4471.37
4544.9
4605.38
4697.53
4682.85
4697.96
4594.62
4538.43
4712.02
4620.64
4725.79
4766.18
4677.03
4662.85
4397.94
4431.85
4500.53
4418.64
4348.87
4384.65
4328.87
4204.31
4463.12
4543.06
4545.86
4488.28
4412.53
