1812.9
1860.96
1775.29
1798.22
1908.46
1895.93
1888.82
1788.39
1804.98
1858.89
1881.98
1921.64
1966.75
1959.08
1909.87
1890.62
1817.8
1904.85
1884.76
1856.45
1826.99
1850.24
1826.56
1787.28
1874.06
1884.67
1924.1
1931.85
1950.16
1920.25
1848.5
1752.48
1677.89
1545.76
1622.01
1559.67
1561.8
1430.47
1327.98
1402.55
1461.9
1484.09
1463.12
1420.05
1384.12
1430.2
1477.04
1436.57
1510.98
1513.25
1421.23
1389.35
1390.08
1377.49
1401.65
1381.3
1417.52
1449.07
1500.62
1574.77
1521.3
1604.67
1572.21
1507.64
1515.32
1576.17
1577.65
1599.83
1620.52
1633.13
1620.39
1602.59
1662.29
1707.96
1708.36
1702.88
1706.76
1623.73
1618.16
1645.89
1624.74
1604.95
1619.67
1633.47
1653.6
1636.68
1649.88
1646.41
1633.65
1616.13
1612.8
1604.89
1569.71
1565.18
1572.07
1572.58
1610.18
1626.97
1599.75
1571.06
1555.31
1557.03
1545.87
1564.27
1604.05
1613.82
1669.29
1669.52
1685.7
1686.59
1676.17
1711.29
1746.76
1746.77
1734.42
1730.9
1698.84
1716.18
1733.77
1746.88
1745.72
1728.09
1748.13
1719.92
1804.42
1806.36
1789.05
1786.97
1776.34
1752.83
1776.5
1750.32
1699.46
1613.36
1608.49
1611.96
1560.16
1530.03
1519.69
1534.72
1530.2
1600.59
1510.66
1475.41
1437.65
1458.02
1528.86
1489.68
1487.71
1541.79
1547.84
1529.69
1526.25
1476.7
1495.6
1527.06
1538.43
1529.1
1555.52
1593.35
1574.04
1643.83
1649.64
1683.3
1680.02
1686.15
1688.74
1686.57
1667.26
1657.06
1658.13
1678.65
1656.03
1626.83
1607.7
1632.35
1613.98
1627.21
1638.47
1685.85
1687.14
1699.52
1697.39
1798.36
1829.36
1830.61
1823.07
1878.94
1917.69
1909.53
1909.54
1920.43
1868.28
1884.67
1890.18
1920.46
2015.71
2023.26
2083.62
2064.98
2013.65
2023.06
2072.13
2045.25
2128.3
2165.5
2154.76
2227.63
2255.29
2224.95
2151.05
2073.94
2156.61
2143.9
2108.77
2133.85
2075.33
2076.76
2101.89
2140.39
2144
2142.88
2203.18
2211.92
2218.13
2252.51
2233.55
2257.33
2238.97
2112.8
2158.88
2143.58
2031.8
2005.07
2040.69
2047.83
2103.54
2148.23
2152.19
2188.81
2133.74
2143.84
2190.58
2197.38
2155.58
2097.45
2097.33
2002.3
1977.67
2118.52
2016.6
2064.86
2069.39
2073.67
2089.48
2056.27
2042.38
2024.19
2069.9
2100.98
2097.51
2058.2
2064.14
2050.86
2030.56
2077.94
2127.56
2119.29
2117.59
2094.16
2008.85
1979.52
1935.87
1914.69
1978.71
1982.99
1987.7
2017.95
2021.22
2102.4
2064.42
2065.71
2132.72
2107.16
2125.06
2138.22
2089.04
2163.37
2191.25
2196.54
2217.91
2236.68
2228.44
2265.86
2257.34
2242.76
2266.77
2305.58
2204.44
2201.27
2176.35
2206.11
2148.12
2112.01
2169.69
2174.78
2196.59
2210.92
2266.56
2277.7
2283.84
2280.81
2260.69
2315.66
2353.89
2400.58
2449.71
2459.81
2435.07
2423.6
2449.52
2488.85
2448.8
2458
2479.84
2489.35
2498.75
2526.74
2535.86
2539.88
2472.43
2499.02
2552.29
2549.53
2523.81
2536.03
2544.9
2547.78
2570.44
2568.79
2548.97
2498.35
2469.51
2520.26
2532.96
2567.96
2562.12
2534.49
2542.74
2614.5
2641.5
2659.86
2704.25
2692.69
2727.56
2690.79
2670.19
2732.29
2800.6
2769.47
2848.84
2832.53
2815.77
2835.54
2859.22
2863.26
2915.81
3006.87
2982.63
3037.7
3161.36
3249.17
3203.79
3261.04
3419.51
3404.29
3288.52
3407.83
3235.35
3319.24
3361.2
3357.57
3491.08
3533.21
3569.26
3621.72
3562.73
3700.53
3752.37
3788.54
3809.92
3946.73
4074.3
4131.94
4368.54
4336.98
4342.31
4077.59
4090.14
3919.79
4073.71
3796.61
3983.06
4135.09
4266.17
4164.62
4049.16
3981.44
3753.66
3715.38
3676.65
3941.91
3972.08
4191.81
4061.91
4055.35
4132.79
4364.32
4237.75
4216.24
4222.16
4442.53
4536.91
4522.42
4583.03
4693.86
4762.71
4872.24
5045.16
5066.9
5254.32
5312.25
5326.63
5144.42
5241.23
5270.61
5414.31
5530.19
5556.99
5724.75
5631.34
5644.22
5870.49
5961.45
6001.24
6162.86
6040.58
5861.19
5598.32
5473.72
5190.6
4925.8
4864.97
4754.65
4623.37
4584.41
4019.31
3973.44
4469.12
4480.43
4690.99
4809.73
4643.8
4911.43
5159.21
4802.76
4543.02
4666.74
4978.62
5006.57
5370.51
4973.78
5008.21
5180.29
5097.48
4896.74
4823.26
4903.96
4840.81
5031.06
5108.75
4799.59
4901.81
5133.92
5143.02
5187.89
5360.44
5276.5
5183.49
5253.77
5070.98
5124.13
5296.01
5337.19
5301.21
5519.05
5638.95
5619.94
5310.63
5101.87
5010.47
5219.43
5254.14
5420.36
5336.22
5483.95
5303.94
5186.53
5124.55
5419.26
5184.23
5357.75
5525.4
5658.1
5791.05
5955.97
5958.07
6119.17
6097.9
6353.9
6782.39
6958.14
6780.96
7173.22
6992.75
7066.6
7444.61
7611.55
7573.78
7738.68
7960.03
7975.95
7710.92
7932.42
7599.39
7522.2
7214.83
7157.95
7414.68
7530.82
7269.28
6989.03
6938.33
7438.95
7254.53
7131.4
6980.41
6898.21
7052.22
7318.38
7373.26
7128.3
7016.59
7322.98
7232.42
7307.17
7344.67
7267.77
6999.54
6740.25
6798.12
6776.39
6661.3
6618.43
6924.68
7128.27
6851.69
6752.29
6664.18
6512.91
6691.25
6331.3
6251.4
6433.61
6382.31
6490.03
6651.53
6695.2
6638.2
6497.07
6439.26
6075.34
6159.02
6204.42
5734.49
5544.67
5829.95
5698.88
6002.3
6127.97
6175.24
6138.28
6141.02
6186.87
6223.57
6125.17
6187.21
5915.18
5941.77
6058.38
5862.1
5928.01
5764.06
5754.86
5735.88
5433.49
5222.12
5387.5
5188.17
4730.67
4115.98
3787.23
4308.15
4487.69
4625.13
4513.53
4820.26
4583.31
4910.07
5062.64
5150.97
4989.91
5199.03
4909.42
5019.01
5160.1
5318.73
5209.97
5122.23
5156.63
5097.06
4835.95
4862.6
4745.58
5097.41
5359.55
5401.11
5366.13
5397.29
5260.53
5189.65
5284.55
5000.38
4882.77
4871.7
5036.41
4899.13
4818.3
4610.18
4303.85
4232.4
4382.56
4483.03
4130.8
3891.88
3579
3532.49
3760.86
3684.69
3828.26
3712.94
3485.68
3361.28
3065.73
2918.9
2714.62
2930.74
3163.67
3102.01
3165.16
3079.1
3191.76
3320.88
3320.32
3207.53
3077.06
3024.22
2840
3092.94
3037.33
2918.82
2717.82
2747.83
2569.34
2674.46
2648.87
2547.05
2431.66
2403.19
2715.06
2520.84
2654.07
2733.95
2899.78
2838.23
2986
2956.59
2989.08
2822.83
2982.68
3127.46
3168.71
3238.98
3224.66
3239.61
3326.51
3366.71
3356.89
3438.89
3332.24
3443.93
3549.05
3484.58
3607.71
3508.06
3578.7
3324.85
3419
3471.25
3516.67
3452.64
3655.99
3782.56
3797.4
3642.25
3745.95
3841.73
3860.13
3898.42
3903.34
4018.5
4016.18
4111.64
4151.83
4058.6
4044.99
4057.05
4073.35
4018.16
4126.14
3915.38
3819.15
3822.33
4007.6
4013.53
4033.98
4103.62
3985.21
3895.64
3803.1
3831.84
3902.72
3961.93
4014.56
3999.79
4013.35
3998.77
3924.49
3845.93
3797.33
3895.61
3727.74
3646.99
3712.61
3851.18
3866.99
3886.03
3988.07
3910.3
3994.96
4015.54
3922.11
3935.14
3960.25
4063.58
4143.35
4134.89
4154.27
4208.87
4174.55
4182.27
4251.62
4256.08
4316.4
4232.36
4213.7
4201.81
4339.28
4387.8
4359.47
4348.64
4423.52
4360.49
4327.18
4343.6
4373.53
4400.68
4312.25
4223.04
4184.84
4311.06
4275.7
4360.68
4444.71
4510.39
4586.1
4604.57
4566.48
4617.07
4597.97
4712.9
4836.9
4886.5
4827.18
4937.33
4929.91
4783.8
4837.81
5005.93
4986.5
4882.58
5044.12
5007.77
4975.56
4838.4
4825.64
4995.24
5090.75
5123.5
5194.27
5307.99
5282.13
5353.66
5419.05
5408.26
5536.32
5483.09
5349.02
5647.42
5657.12
5701.47
5795.48
5870.79
5721.46
5804.92
5882.38
5973.14
5970.08
5952.92
5918.57
6094.75
6009.89
6113.29
5916.28
5672.28
5788.36
5687.04
5464.08
5376.01
5529.74
5683.31
5681.85
5422.22
5451.01
5705.42
5723.03
5628.37
5817.02
5811.47
5876.54
5795.26
5937.87
5883.32
6004.33
6085.82
6173.68
6202.82
6262.54
6241.15
6357.77
6412.36
6411.96
6241.13
6427.41
6588.83
6503.13
6596.92
6593.09
6705.17
6747.17
6690.34
6885.76
6911.11
6957.07
6992.58
6603.32
6716.52
6579.87
6899.06
6917.03
7099.91
7212.07
7342.54
7378.12
7516.76
7479.34
7607.54
7739.2
7987.85
7590.5
8030.64
7949.63
8007.32
8048.32
8092.77
7874.85
7451.68
7435.67
7343.26
7378.29
7507.27
7638.17
7436.63
7497.74
7794.43
7861.51
8002.18
8041.26
7884.12
7949.17
7849.49
7812.4
7612.26
7608.96
7870.52
7994.07
7948.36
8002.67
8067.32
7808.69
7717.95
7314.17
6816.74
6968.67
6767.28
6832.43
6806.29
6748.13
6513.99
6451.9
6319.99
6559.9
6763.39
6603.57
6843.08
6896.58
7043.23
7003.17
7156.55
6944.05
7096.79
6803.81
6765.32
6578.44
6421.91
6272.21
6153.3
6382.65
6436.71
6396.46
6561.65
6446.02
6342.42
6422.3
6127.44
6234.89
6189.53
6063.5
5797.03
4544.31
4781.33
4295.67
4987.97
4938.46
4710.24
4127.41
4669.44
4381.47
4663.37
4696.7
4629.38
4973.07
4783.89
4366.28
4178.94
4338.35
4644.63
4413.39
4014.66
3843.74
3666.41
3953.6
4068.74
4203.55
4384.99
4491.12
4676.84
4674.32
4769.45
4913.9
4737.5
4918.75
4940.82
5077.03
5069.24
4839.46
4776.47
4708.21
4576.31
4978.4
5229.36
5332.14
5458.96
5309.11
5462.74
5517.35
5384.43
5624.02
5703.83
5581.41
5467.9
5711.88
5743.39
5740.25
5414.96
5488.25
5686.83
5663.15
5685.61
5817.65
5756.29
5831.21
5957.44
5957.43
6037.61
5875.97
5695.32
5608.79
5434.34
5500.39
5722.05
5598.46
5877.36
5945.11
5982.43
6120.05
6235.56
6249.7
6180.9
6259.53
6135.7
5715.09
6056.71
5829.25
5946.18
5938.88
6047.83
6216.98
6070.6
5834.15
6065.24
6040.27
6166.34
6147.97
6259.63
6110.41
6005.16
5951.17
6134.62
6214.77
6209.76
6298.3
6211.34
6291.67
6492.3
6605.84
6601.37
6754.2
6734.61
6843.55
6848.98
6947.72
7006.17
6982.45
7057.69
6914.19
6947.84
7075.7
7062.42
7102.8
7216.21
7371.2
7426.81
7185.17
7178.9
6981.49
6664.4
6946.36
7179.81
7217.02
7178.29
7295.49
7514.46
7492.25
7403.31
7266.82
7163.47
7109.03
7069.9
7164.05
7121.38
7419.44
7402.73
7220.12
7326.39
7158.77
6236.16
5997.74
5480
5537.48
5538.33
5189.93
5573.51
5196.56
5502.02
5675.7
5967.2
5970.96
6346.19
5966.16
6057.03
5800.24
5492.87
6080.68
5986.71
5701.78
5878.93
5898.35
6057.92
6143.08
6404.39
6511.98
6766.67
6692.96
6848.03
6864.43
6921.37
6880.21
7157.82
6995.62
6946.83
6775.26
6583.9
6750.12
6801.32
6561.47
6579.93
6271.22
6339.94
6050.29
6130.82
6229.41
6263.25
6416.28
6410.11
6557.1
6630.02
6689.4
6865.66
6944.56
7040.88
6971.07
6970.79
7214.5
7412.13
7451.62
7216.15
7397.87
7232.49
7380.64
7231.85
7363.85
7163.5
6950.53
7309.13
7405.5
7517.8
7596.47
7636.23
7612.39
7776.37
7715.53
7702.23
7857.97
7833.39
7652.14
7593.51
7661.91
7708.16
7986.47
8042.85
7911.35
7795.31
7658.75
7744.77
7459.96
7814.76
8122.29
8278.59
8398
8305.32
8348.84
8254.68
8127.96
7789.24
7959.22
7806
8212.77
8331.57
8244.91
8406.94
8338.31
8391.94
8416.99
8103.15
8275.67
8509.42
8675.73
8661.51
8622.97
8724.83
8865.1
8985.74
9007.83
9078.28
9168.69
9219.04
9405.3
9172.41
9006.46
9400.18
9589.39
9435.15
9473.24
9742.96
9392.02
9306.48
9301.92
9662.4
9656.95
9692.08
9350.75
9056.41
9342.94
9587.19
9695.77
9315.29
9409.71
9401.55
9556.02
9581.45
9629.1
9768.01
9943.27
9987.19
9912.87
9987.24
9815.17
10009.08
9666.34
9720.02
9644.01
9210.08
9009.32
9092.6
9339.17
9470.17
9747.02
9651.13
9799.26
9490.55
9195.68
8788.81
8850.27
8987.8
9326.87
9291.83
9252.94
9732.55
9980.85
10087.12
9594.73
9786.96
9922.11
9764.73
9648.5
10167.77
10649.58
10694.32
10846.39
10963.4
11050.64
11401.66
11550.97
11901.61
12039.37
11868.33
11967.39
12374.73
11688.7
11810.85
11454.38
11709.73
11447.03
11815.01
11413.82
11197.15
11196.49
11040.1
11492.43
11058.39
11315.63
11673.42
11347.45
11308.99
11490.83
10985.14
10124.52
10298.53
10038.04
10123.56
9916.16
9688.53
9553.07
10096.6
10104.43
10794.54
10850.14
10988.03
10708.4
11119.83
11293.76
10752.1
10340.06
10608.19
10727.64
10743.01
9849.34
9545.27
9764.88
9798.11
9286.23
8967.51
9388.05
9513.3
9824.17
9831.13
9950.8
9851.35
9794.64
9622.26
10051.57
10373.49
10038.97
9869.95
9952.9
9916.02
10286.31
10103.26
9834.62
9631.36
9557.16
9776.12
9629.66
10066.9
10147.46
10337.5
10367.21
10713.43
10544.36
10587.77
10683.82
10573.44
10276.17
10626.97
10511.02
10490.86
10580.38
10710.73
10696.19
10259.13
10667.95
10664.56
10699.27
10513.35
11203.63
11404.01
11449.93
11481.06
11599.01
11629.18
11630.13
11814.27
11651.49
11666.97
11757.02
11804.03
12027.36
11963.18
12095.24
12064.27
12312.87
12225.06
12109
12048.57
12438.01
12716.89
12770.41
12638.69
12602.18
12822.94
12815.72
12752.73
12733.41
12325.12
12388.68
12631.72
12240.06
12162.7
12297.72
12014.06
12165.19
12167.94
12142.64
12303.98
12518.81
12592.35
12828.86
12955.94
12991.87
12991.28
13217.54
13478.86
13127.47
12993.73
13059.84
12861.49
13153.7
13103.56
13072.79
12917.64
13319.64
13245.03
13434.45
13340.17
12785.16
12107.48
12451.96
12483.79
11913.71
12346.68
12389.58
11886.31
12096.73
12241.27
12442.4
12540.5
12580.87
12819.6
13001.24
13077.72
12938.01
12724.27
12766.55
13010.55
12579.72
12306
12496.17
12540.73
12561.42
12860.4
12615.76
12424.35
12210.55
12394.52
12364.06
11959.63
12124.33
12430.88
12246.73
12111.9
11523.81
11553.83
11200.62
11518.99
11529.16
11341
11192.69
11257.24
10788.09
10865.77
10633.82
10558.96
10767.69
10887.46
11205.54
11281.79
11180.66
10906.78
11299.8
11457.7
11601.68
11457.84
11685.69
11364.17
11526.04
12009.75
11999.93
12222.39
12315.18
12412.75
12059.83
12238.94
12011.04
11726.84
12045.38
12096.4
12339.92
12398.8
12568.53
12323.32
12260.07
12419.9
11872.44
11693.8
11562.74
11611.51
11939.28
12191.73
12468.53
12468.01
12380.94
12012.81
12511.65
12633.6
12894.51
12961.05
13228.56
13241.75
13163.88
13236.38
13166.58
13282.72
13318.9
13337.11
13219.14
13483.31
13526.13
13576.68
12981.97
13513.81
13744.21
13579.33
11890.35
11541.87
9232.08
8928.95
9632.52
9525.77
10564.74
10625.78
10336.09
10861.64
10904.48
10465.17
11073.87
11586.85
12847.68
11949.28
12330.76
12089.39
12528.18
12633.71
12919.61
12838.06
12313.36
12674.88
12901.34
12764.8
13033.2
12842.66
13202.84
13116.25
12469.2
12689.04
13051.23
12908.99
12645.75
11556.48
12480.02
13076.72
13137.25
13335.68
13298.96
13114.3
13630.51
13587.23
13718.78
14049.53
13787.73
13873.97
13432.87
14056.72
14049.89
13993.23
13786.29
13920.69
14502.39
14621
14748.94
15107.17
15234.16
15459.75
15279.62
15135.91
15399.65
15416.64
15437.51
15519.98
15692.9
15693.27
15448.04
15607.97
15650.09
15687.93
15540.31
15669.29
15544.39
15761.45
15977.44
15808.04
15851.75
15781.2
15609.81
15490.17
15531.75
15156.44
15206.13
15587.36
15542.98
15688.77
16054.36
16094.07
16159.97
15257.04
15169.98
15623.31
15531.69
15756.31
15884.86
15947.74
15883.24
15603.88
15318.95
15099.56
15425.12
15042.51
14567.23
13094.54
13628.11
14413.09
14305.76
14446.48
14283.67
14124.95
